36
0 1 3 6 10 15 21 28 36 45 55 66 78 91 105 120 136 153 171 190 210 231 253 276 300 325 351 378 406 435 465 496 528 561 595 630  
1 0 2 5 9 14 20 27 35 44 54 65 77 90 104 119 135 152 170 189 209 230 252 275 299 324 350 377 405 434 464 495 527 560 594 629  
3 2 0 3 7 12 18 25 33 42 52 63 75 88 102 117 133 150 168 187 207 228 250 273 297 322 348 375 403 432 462 493 525 558 592 627  
6 5 3 0 4 9 15 22 30 39 49 60 72 85 99 114 130 147 165 184 204 225 247 270 294 319 345 372 400 429 459 490 522 555 589 624  
10 9 7 4 0 5 11 18 26 35 45 56 68 81 95 110 126 143 161 180 200 221 243 266 290 315 341 368 396 425 455 486 518 551 585 620  
15 14 12 9 5 0 6 13 21 30 40 51 63 76 90 105 121 138 156 175 195 216 238 261 285 310 336 363 391 420 450 481 513 546 580 615  
21 20 18 15 11 6 0 7 15 24 34 45 57 70 84 99 115 132 150 169 189 210 232 255 279 304 330 357 385 414 444 475 507 540 574 609  
28 27 25 22 18 13 7 0 8 17 27 38 50 63 77 92 108 125 143 162 182 203 225 248 272 297 323 350 378 407 437 468 500 533 567 602  
36 35 33 30 26 21 15 8 0 9 19 30 42 55 69 84 100 117 135 154 174 195 217 240 264 289 315 342 370 399 429 460 492 525 559 594  
45 44 42 39 35 30 24 17 9 0 10 21 33 46 60 75 91 108 126 145 165 186 208 231 255 280 306 333 361 390 420 451 483 516 550 585  
55 54 52 49 45 40 34 27 19 10 0 11 23 36 50 65 81 98 116 135 155 176 198 221 245 270 296 323 351 380 410 441 473 506 540 575  
66 65 63 60 56 51 45 38 30 21 11 0 12 25 39 54 70 87 105 124 144 165 187 210 234 259 285 312 340 369 399 430 462 495 529 564  
78 77 75 72 68 63 57 50 42 33 23 12 0 13 27 42 58 75 93 112 132 153 175 198 222 247 273 300 328 357 387 418 450 483 517 552  
91 90 88 85 81 76 70 63 55 46 36 25 13 0 14 29 45 62 80 99 119 140 162 185 209 234 260 287 315 344 374 405 437 470 504 539  
105 104 102 99 95 90 84 77 69 60 50 39 27 14 0 15 31 48 66 85 105 126 148 171 195 220 246 273 301 330 360 391 423 456 490 525  
120 119 117 114 110 105 99 92 84 75 65 54 42 29 15 0 16 33 51 70 90 111 133 156 180 205 231 258 286 315 345 376 408 441 475 510  
136 135 133 130 126 121 115 108 100 91 81 70 58 45 31 16 0 17 35 54 74 95 117 140 164 189 215 242 270 299 329 360 392 425 459 494  
153 152 150 147 143 138 132 125 117 108 98 87 75 62 48 33 17 0 18 37 57 78 100 123 147 172 198 225 253 282 312 343 375 408 442 477  
171 170 168 165 161 156 150 143 135 126 116 105 93 80 66 51 35 18 0 19 39 60 82 105 129 154 180 207 235 264 294 325 357 390 424 459  
190 189 187 184 180 175 169 162 154 145 135 124 112 99 85 70 54 37 19 0 20 41 63 86 110 135 161 188 216 245 275 306 338 371 405 440  
210 209 207 204 200 195 189 182 174 165 155 144 132 119 105 90 74 57 39 20 0 21 43 66 90 115 141 168 196 225 255 286 318 351 385 420  
231 230 228 225 221 216 210 203 195 186 176 165 153 140 126 111 95 78 60 41 21 0 22 45 69 94 120 147 175 204 234 265 297 330 364 399  
253 252 250 247 243 238 232 225 217 208 198 187 175 162 148 133 117 100 82 63 43 22 0 23 47 72 98 125 153 182 212 243 275 308 342 377  
276 275 273 270 266 261 255 248 240 231 221 210 198 185 171 156 140 123 105 86 66 45 23 0 24 49 75 102 130 159 189 220 252 285 319 354  
300 299 297 294 290 285 279 272 264 255 245 234 222 209 195 180 164 147 129 110 90 69 47 24 0 25 51 78 106 135 165 196 228 261 295 330  
325 324 322 319 315 310 304 297 289 280 270 259 247 234 220 205 189 172 154 135 115 94 72 49 25 0 26 53 81 110 140 171 203 236 270 305  
351 350 348 345 341 336 330 323 315 306 296 285 273 260 246 231 215 198 180 161 141 120 98 75 51 26 0 27 55 84 114 145 177 210 244 279  
378 377 375 372 368 363 357 350 342 333 323 312 300 287 273 258 242 225 207 188 168 147 125 102 78 53 27 0 28 57 87 118 150 183 217 252  
406 405 403 400 396 391 385 378 370 361 351 340 328 315 301 286 270 253 235 216 196 175 153 130 106 81 55 28 0 29 59 90 122 155 189 224  
435 434 432 429 425 420 414 407 399 390 380 369 357 344 330 315 299 282 264 245 225 204 182 159 135 110 84 57 29 0 30 61 93 126 160 195  
465 464 462 459 455 450 444 437 429 420 410 399 387 374 360 345 329 312 294 275 255 234 212 189 165 140 114 87 59 30 0 31 63 96 130 165  
496 495 493 490 486 481 475 468 460 451 441 430 418 405 391 376 360 343 325 306 286 265 243 220 196 171 145 118 90 61 31 0 32 65 99 134  
528 527 525 522 518 513 507 500 492 483 473 462 450 437 423 408 392 375 357 338 318 297 275 252 228 203 177 150 122 93 63 32 0 33 67 102  
561 560 558 555 551 546 540 533 525 516 506 495 483 470 456 441 425 408 390 371 351 330 308 285 261 236 210 183 155 126 96 65 33 0 34 69  
595 594 592 589 585 580 574 567 559 550 540 529 517 504 490 475 459 442 424 405 385 364 342 319 295 270 244 217 189 160 130 99 67 34 0 35  
630 629 627 624 620 615 609 602 594 585 575 564 552 539 525 510 494 477 459 440 420 399 377 354 330 305 279 252 224 195 165 134 102 69 35 0  
