14
0 1 3 6 10 15 21 28 36 45 55 66 78 91  
1 0 2 5 9 14 20 27 35 44 54 65 77 90  
3 2 0 3 7 12 18 25 33 42 52 63 75 88  
6 5 3 0 4 9 15 22 30 39 49 60 72 85  
10 9 7 4 0 5 11 18 26 35 45 56 68 81  
15 14 12 9 5 0 6 13 21 30 40 51 63 76  
21 20 18 15 11 6 0 7 15 24 34 45 57 70  
28 27 25 22 18 13 7 0 8 17 27 38 50 63  
36 35 33 30 26 21 15 8 0 9 19 30 42 55  
45 44 42 39 35 30 24 17 9 0 10 21 33 46  
55 54 52 49 45 40 34 27 19 10 0 11 23 36  
66 65 63 60 56 51 45 38 30 21 11 0 12 25  
78 77 75 72 68 63 57 50 42 33 23 12 0 13  
91 90 88 85 81 76 70 63 55 46 36 25 13 0  
