20
0 1 3 6 10 15 21 28 36 45 55 66 78 91 105 120 136 153 171 190  
1 0 2 5 9 14 20 27 35 44 54 65 77 90 104 119 135 152 170 189  
3 2 0 3 7 12 18 25 33 42 52 63 75 88 102 117 133 150 168 187  
6 5 3 0 4 9 15 22 30 39 49 60 72 85 99 114 130 147 165 184  
10 9 7 4 0 5 11 18 26 35 45 56 68 81 95 110 126 143 161 180  
15 14 12 9 5 0 6 13 21 30 40 51 63 76 90 105 121 138 156 175  
21 20 18 15 11 6 0 7 15 24 34 45 57 70 84 99 115 132 150 169  
28 27 25 22 18 13 7 0 8 17 27 38 50 63 77 92 108 125 143 162  
36 35 33 30 26 21 15 8 0 9 19 30 42 55 69 84 100 117 135 154  
45 44 42 39 35 30 24 17 9 0 10 21 33 46 60 75 91 108 126 145  
55 54 52 49 45 40 34 27 19 10 0 11 23 36 50 65 81 98 116 135  
66 65 63 60 56 51 45 38 30 21 11 0 12 25 39 54 70 87 105 124  
78 77 75 72 68 63 57 50 42 33 23 12 0 13 27 42 58 75 93 112  
91 90 88 85 81 76 70 63 55 46 36 25 13 0 14 29 45 62 80 99  
105 104 102 99 95 90 84 77 69 60 50 39 27 14 0 15 31 48 66 85  
120 119 117 114 110 105 99 92 84 75 65 54 42 29 15 0 16 33 51 70  
136 135 133 130 126 121 115 108 100 91 81 70 58 45 31 16 0 17 35 54  
153 152 150 147 143 138 132 125 117 108 98 87 75 62 48 33 17 0 18 37  
171 170 168 165 161 156 150 143 135 126 116 105 93 80 66 51 35 18 0 19  
190 189 187 184 180 175 169 162 154 145 135 124 112 99 85 70 54 37 19 0  
