20
0 1129 226 702 863 356 542 529 538 571 80 40 61 70 70 83 58 128 1275 70
1129 0 928 441 280 793 618 604 617 578 1192 1131 1117 1097 1097 1062 1079 1194 149 1067
226 928 0 501 652 156 341 328 326 370 276 212 201 181 181 146 163 280 1074 151
702 441 501 0 162 364 191 175 190 148 763 702 688 668 668 632 650 767 585 638
863 280 652 162 0 514 342 325 341 299 913 852 838 818 818 783 801 917 426 789
356 793 156 364 514 0 204 190 188 232 416 355 342 322 322 286 304 422 929 292
542 618 341 191 342 204 0 32 70 47 603 542 531 512 512 476 494 611 764 482 
529 604 328 175 325 190 32 0 33 48 593 532 518 498 498 462 480 594 748 468 
538 617 326 190 341 188 70 33 0 83 587 526 512 478 478 461 475 592 763 466
571 578 370 148 299 232 47 48 83 0 631 570 556 536 536 501 518 636 695 506 
80 1192 276 763 913 416 603 593 587 631 0 75 121 127 127 140 120 54 1328 131 
40 1131 212 702 852 355 542 532 526 570 75 0 35 67 67 80 60 83 1267 72 
61 1117 201 688 838 342 531 518 512 556 121 35 0 50 50 64 51 105 1253 66
70 1097 181 668 818 322 512 498 478 536 127 67 50 0 0 16 19 132 1241 25 
70 1097 181 668 818 322 512 498 478 536 127 67 50 0 0 16 19 132 1241 25 
83 1062 146 632 783 286 476 462 461 501 140 80 64 16 16 0 28 146 1198 22
58 1079 163 650 801 304 494 480 475 518 120 60 51 19 19 28 0 126 1215 17 
128 1194 280 767 917 422 611 594 592 636 54 83 105 132 132 146 126 0 1340 140 
1275 149 1074 585 426 929 764 748 763 695 1328 1267 1253 1241 1241 1198 1215 1340 0 1203
70 1067 151 638 789 292 482 468 466 506 131 72 66 25 25 22 17 140 1203 0

# Taking the shortest route between stadiums from google maps (stadium coordinates are in the j1_2026.txt file).
# FC Tokyo and Tokyo Verdy are sharing the same stadium, the Ajinomoto Stadium
# number,club name,stadium name (may change over years with sponsors),latitude,longitude
1,JEF United Chiba,Fukuda Denshi Arena,35.577739,140.122883
2,Avispa Fukuoka,Best Denki Stadium,33.585803,130.461066
3,Shimizu S-Pulse,IAI Stadium Nihondaira,34.984506,138.481352
4,Fagiano Okayama,JFE Harenokuni Stadium,34.680658,133.919631
5,Sanfrecce Hiroshima,Edion Peace Wing Hiroshima,34.406357,132.455131
6,Nagoya Grampus,Toyota Stadium,35.084471,137.170891
7,Cerezo Osaka,Yodoko Sakura Stadium,34.615613,135.516921
8,Gamba Osaka,Panasonic Stadium Suita,34.802808,135.538228
9,Kyoto Sanga FC,Sanga Stadium,35.017405,135.585375
10,Vissel Kobe,Noevir Stadium Kobe,34.656667,135.168889
11,Kashima Antlers,Kashima Soccer Stadium,35.991744,140.640525
12,Kashiwa Reysol,Sankyo Frontier Kashiwa Stadium,35.8485,139.975149
13,Urawa Red Diamonds,Saitama Stadium 2002,35.903142,139.717492
14,FC Tokyo,Ajinomoto Stadium,35.664278,139.527139
15,Tokyo Verdy,Ajinomoto Stadium,35.664278,139.527139
16,Machida Zelvia,Machida GION Stadium,35.5925,139.438889
17,Kawasaki Frontale,Uvance Todoroki Stadium,35.585895,139.652731
18,Mito HollyHock,K's denki Stadium Mito,36.345497,140.412482
19,V-Varen Nagasaki,Peace Stadium Connected,32.759274,129.864962
20,Yokohama F. Marinos,Nissan Stadium,35.510044,139.606247
