0 1169 439 740 896 468 612 591 570 633 365 353 325 347 347 348 327 358 340 337
1169 0 916 441 278 793 621 604 638 578 1192 1131 1117 1097 1097 1062 1079 1048 1067 1067
439 916 0 487 643 142 328 314 293 356 283 221 207 187 187 152 169 140 158 158
740 441 487 0 167 364 192 175 209 148 763 702 688 668 668 632 650 620 638 638
896 278 643 167 0 519 348 331 365 304 919 857 844 824 824 788 806 775 794 794
468 793 142 364 519 0 204 190 169 232 416 355 342 322 322 286 304 273 292 292
612 621 328 192 348 204 0 34 64 49 603 542 528 508 508 473 491 460 479 479 
591 604 314 175 331 190 34 0 39 48 593 532 518 498 498 462 480 450 468 468 
570 638 293 209 365 169 64 39 0 78 564 503 489 469 469 434 452 421 439 440
633 578 356 148 304 232 49 48 78 0 631 570 556 536 536 501 518 488 506 506 
365 1192 283 763 919 416 603 593 564 631 0 75 121 127 127 140 120 168 130 131 
353 1131 221 702 857 355 542 532 503 570 75 0 35 67 67 80 60 105 72 72 
325 1117 207 688 844 342 528 518 489 556 121 35 0 50 50 64 51 91 70 66
347 1097 187 668 824 322 508 498 469 536 127 67 50 0 0 16 19 62 32 25 
347 1097 187 668 824 322 508 498 469 536 127 67 50 0 0 16 19 62 32 25 
348 1062 152 632 788 286 473 462 434 501 140 80 64 16 16 0 28 36 28 22
327 1079 169 650 806 304 491 480 452 518 120 60 51 19 19 28 0 52 19 17 
358 1048 140 620 775 273 460 450 421 488 168 105 91 62 62 36 52 0 42 40 
340 1067 158 638 794 292 479 468 439 506 130 72 70 32 32 28 19 42 0 6
337 1067 158 638 794 292 479 468 440 506 131 72 66 25 25 22 17 40 6 0
